line(687,107,687,107);
line(687,66,687,66);
line(687,108,687,108);
line(1346,108,1346,108);
line(688,106,688,106);
line(688,67,688,67);
line(688,107,688,107);
line(1345,107,1345,107);
rectangle(0,0,27,34);
line(687,160,687,160);
line(687,115,687,115);
line(687,161,687,161);
line(924,161,924,161);
line(688,159,688,159);
line(688,116,688,116);
line(688,160,688,160);
line(923,160,923,160);
textrect(689,117,234,43,"Backspace");
rectangle(0,0,153,21);
line(931,160,931,160);
line(931,115,931,115);
line(931,161,931,161);
line(1102,161,1102,161);
line(932,159,932,159);
line(932,116,932,116);
line(932,160,932,160);
line(1101,160,1101,160);
textrect(933,117,168,43,"Clear");
rectangle(0,0,85,21);
line(1109,160,1109,160);
line(1109,115,1109,115);
line(1109,161,1109,161);
line(1346,161,1346,161);
line(1110,159,1110,159);
line(1110,116,1110,116);
line(1110,160,1110,160);
line(1345,160,1345,160);
textrect(1111,117,234,43,"Clear All");
rectangle(0,0,153,21);
line(687,213,687,213);
line(687,168,687,168);
line(687,214,687,214);
line(802,214,802,214);
line(688,212,688,212);
line(688,169,688,169);
line(688,213,688,213);
line(801,213,801,213);
textrect(689,170,112,43,"MC");
rectangle(0,0,34,21);
line(687,266,687,266);
line(687,221,687,221);
line(687,267,687,267);
line(802,267,802,267);
line(688,265,688,265);
line(688,222,688,222);
line(688,266,688,266);
line(801,266,801,266);
textrect(689,223,112,43,"MR");
rectangle(0,0,34,21);
line(687,319,687,319);
line(687,274,687,274);
line(687,320,687,320);
line(802,320,802,320);
line(688,318,688,318);
line(688,275,688,275);
line(688,319,688,319);
line(801,319,801,319);
textrect(689,276,112,43,"MS");
rectangle(0,0,34,21);
line(687,372,687,372);
line(687,327,687,327);
line(687,373,687,373);
line(802,373,802,373);
line(688,371,688,371);
line(688,328,688,328);
line(688,372,688,372);
line(801,372,801,372);
textrect(689,329,112,43,"M+");
rectangle(0,0,34,21);
line(809,319,809,319);
line(809,274,809,274);
line(809,320,809,320);
line(924,320,924,320);
line(810,318,810,318);
line(810,275,810,275);
line(810,319,810,319);
line(923,319,923,319);
textrect(811,276,112,43,"1");
rectangle(0,0,17,21);
line(931,319,931,319);
line(931,274,931,274);
line(931,320,931,320);
line(1013,320,1013,320);
line(932,318,932,318);
line(932,275,932,275);
line(932,319,932,319);
line(1012,319,1012,319);
textrect(933,276,79,43,"2");
rectangle(0,0,17,21);
line(1020,319,1020,319);
line(1020,274,1020,274);
line(1020,320,1020,320);
line(1102,320,1102,320);
line(1021,318,1021,318);
line(1021,275,1021,275);
line(1021,319,1021,319);
line(1101,319,1101,319);
textrect(1022,276,79,43,"3");
rectangle(0,0,17,21);
line(809,266,809,266);
line(809,221,809,221);
line(809,267,809,267);
line(924,267,924,267);
line(810,265,810,265);
line(810,222,810,222);
line(810,266,810,266);
line(923,266,923,266);
textrect(811,223,112,43,"4");
rectangle(0,0,17,21);
line(931,266,931,266);
line(931,221,931,221);
line(931,267,931,267);
line(1013,267,1013,267);
line(932,265,932,265);
line(932,222,932,222);
line(932,266,932,266);
line(1012,266,1012,266);
textrect(933,223,79,43,"5");
rectangle(0,0,17,21);
line(1020,266,1020,266);
line(1020,221,1020,221);
line(1020,267,1020,267);
line(1102,267,1102,267);
line(1021,265,1021,265);
line(1021,222,1021,222);
line(1021,266,1021,266);
line(1101,266,1101,266);
textrect(1022,223,79,43,"6");
rectangle(0,0,17,21);
line(809,213,809,213);
line(809,168,809,168);
line(809,214,809,214);
line(924,214,924,214);
line(810,212,810,212);
line(810,169,810,169);
line(810,213,810,213);
line(923,213,923,213);
textrect(811,170,112,43,"7");
rectangle(0,0,17,21);
line(931,213,931,213);
line(931,168,931,168);
line(931,214,931,214);
line(1013,214,1013,214);
line(932,212,932,212);
line(932,169,932,169);
line(932,213,932,213);
line(1012,213,1012,213);
textrect(933,170,79,43,"8");
rectangle(0,0,17,21);
line(1020,213,1020,213);
line(1020,168,1020,168);
line(1020,214,1020,214);
line(1102,214,1102,214);
line(1021,212,1021,212);
line(1021,169,1021,169);
line(1021,213,1021,213);
line(1101,213,1101,213);
textrect(1022,170,79,43,"9");
rectangle(0,0,17,21);
line(809,372,809,372);
line(809,327,809,327);
line(809,373,809,373);
line(924,373,924,373);
line(810,371,810,371);
line(810,328,810,328);
line(810,372,810,372);
line(923,372,923,372);
textrect(811,329,112,43,"0");
rectangle(0,0,17,21);
line(931,372,931,372);
line(931,327,931,327);
line(931,373,931,373);
line(1013,373,1013,373);
line(932,371,932,371);
line(932,328,932,328);
line(932,372,932,372);
line(1012,372,1012,372);
textrect(933,329,79,43,".");
rectangle(0,0,17,21);
line(1020,372,1020,372);
line(1020,327,1020,327);
line(1020,373,1020,373);
line(1102,373,1102,373);
line(1021,371,1021,371);
line(1021,328,1021,328);
line(1021,372,1021,372);
line(1101,372,1101,372);
rectangle(0,0,17,21);
line(1109,213,1109,213);
line(1109,168,1109,168);
line(1109,214,1109,214);
line(1207,214,1207,214);
line(1110,212,1110,212);
line(1110,169,1110,169);
line(1110,213,1110,213);
line(1206,213,1206,213);
rectangle(0,0,17,21);
line(1109,266,1109,266);
line(1109,221,1109,221);
line(1109,267,1109,267);
line(1207,267,1207,267);
line(1110,265,1110,265);
line(1110,222,1110,222);
line(1110,266,1110,266);
line(1206,266,1206,266);
rectangle(0,0,17,21);
line(1109,319,1109,319);
line(1109,274,1109,274);
line(1109,320,1109,320);
line(1207,320,1207,320);
line(1110,318,1110,318);
line(1110,275,1110,275);
line(1110,319,1110,319);
line(1206,319,1206,319);
textrect(1111,276,95,43,"-");
rectangle(0,0,17,21);
line(1109,372,1109,372);
line(1109,327,1109,327);
line(1109,373,1109,373);
line(1207,373,1207,373);
line(1110,371,1110,371);
line(1110,328,1110,328);
line(1110,372,1110,372);
line(1206,372,1206,372);
textrect(1111,329,95,43,"+");
rectangle(0,0,17,21);
line(1214,213,1214,213);
line(1214,168,1214,168);
line(1214,214,1214,214);
line(1346,214,1346,214);
line(1215,212,1215,212);
line(1215,169,1215,169);
line(1215,213,1215,213);
line(1345,213,1345,213);
textrect(1216,170,129,43,"Sqrt");
rectangle(0,0,68,21);
line(1214,266,1214,266);
line(1214,221,1214,221);
line(1214,267,1214,267);
line(1346,267,1346,267);
line(1215,265,1215,265);
line(1215,222,1215,222);
line(1215,266,1215,266);
line(1345,266,1345,266);
rectangle(0,0,34,21);
line(1214,319,1214,319);
line(1214,274,1214,274);
line(1214,320,1214,320);
line(1346,320,1346,320);
line(1215,318,1215,318);
line(1215,275,1215,275);
line(1215,319,1215,319);
line(1345,319,1345,319);
textrect(1216,276,129,43,"1/x");
rectangle(0,0,51,21);
line(1214,372,1214,372);
line(1214,327,1214,327);
line(1214,373,1214,373);
line(1346,373,1346,373);
line(1215,371,1215,371);
line(1215,328,1215,328);
line(1215,372,1215,372);
line(1345,372,1345,372);
textrect(1216,329,129,43,"=");
rectangle(0,0,17,21);
line(687,107,687,107);
line(687,66,687,66);
line(687,108,687,108);
line(1346,108,1346,108);
line(688,106,688,106);
line(688,67,688,67);
line(688,107,688,107);
line(1345,107,1345,107);
rectangle(0,0,27,34);
line(687,107,687,107);
line(687,66,687,66);
line(687,108,687,108);
line(1346,108,1346,108);
line(688,106,688,106);
line(688,67,688,67);
line(688,107,688,107);
line(1345,107,1345,107);
rectangle(0,0,27,34);
line(687,107,687,107);
line(687,66,687,66);
line(687,108,687,108);
line(1346,108,1346,108);
line(688,106,688,106);
line(688,67,688,67);
line(688,107,688,107);
line(1345,107,1345,107);
rectangle(0,0,27,34);
line(687,107,687,107);
line(687,66,687,66);
line(687,108,687,108);
line(1346,108,1346,108);
line(688,106,688,106);
line(688,67,688,67);
line(688,107,688,107);
line(1345,107,1345,107);
rectangle(0,0,27,34);
line(687,107,687,107);
line(687,66,687,66);
line(687,108,687,108);
line(1346,108,1346,108);
line(688,106,688,106);
line(688,67,688,67);
line(688,107,688,107);
line(1345,107,1345,107);
rectangle(0,0,27,34);
